,source,target,distance
0,0,541,0.045078070493497144
1,0,757,0.059103975788763974
2,1,781,0.05589448532728499
3,1,215,0.06160433039618356
4,1,696,0.06345081487040925
5,1,675,0.06436503367182674
6,1,420,0.06853988991196432
7,1,194,0.07047839632462191
8,1,227,0.07649801191520281
9,1,454,0.07678463947685708
10,1,118,0.0791538901245528
11,1,363,0.08068551612811267
12,1,388,0.08222849502143297
13,1,760,0.08522424424356739
14,1,36,0.08694350751536713
15,1,935,0.08838588141042523
16,2,491,0.010044191627293017
17,2,638,0.013706210472846819
18,2,170,0.018088594703940575
19,2,233,0.02726544806016567
20,2,131,0.02974963103325706
21,2,629,0.03740368313685198
22,2,41,0.04458331739621928
23,2,98,0.044600628552206506
24,2,209,0.05266004767250321
25,2,945,0.08232974253294904
26,2,43,0.08274512185059846
27,2,887,0.08333674385496599
28,2,254,0.08762439009154172
29,3,777,0.010007715422459821
30,3,752,0.01124853866066403
31,3,443,0.04685676020989442
32,3,741,0.06751306194789138
33,4,841,0.033305992049235913
34,4,875,0.06963684231819983
35,4,12,0.07688771249591322
36,4,554,0.07745730722447865
37,6,490,0.014641927384457161
38,6,536,0.02354183884129953
39,6,585,0.04165071533402454
40,6,417,0.044650410586472275
41,7,846,0.03916282002535945
42,7,494,0.07002468474379621
43,7,924,0.08265814448541511
44,8,624,0.01661940343983982
45,8,961,0.047818484924098584
46,9,454,0.0030224004911844687
47,9,227,0.0032065299328316163
48,9,445,0.0035324382659670177
49,9,935,0.0054622324870496645
50,9,696,0.005512354913599443
51,9,286,0.0079365999328272
52,9,118,0.009013997986434728
53,9,388,0.01617922184236635
54,9,628,0.01629874723104402
55,9,775,0.01632251367610301
56,9,319,0.018377594285271436
57,9,367,0.01867880048565583
58,9,713,0.021698831867484236
59,9,781,0.023881733588927128
60,9,194,0.024000809026555284
61,9,420,0.027351679905335054
62,9,1014,0.030840380621421956
63,9,215,0.0314113940764703
64,9,675,0.03658713305843306
65,9,36,0.04461081923710711
66,9,601,0.06240617327159702
67,9,299,0.06454065057862829
68,9,760,0.0649666206221853
69,9,744,0.07050991727722535
70,9,998,0.07402773342565305
71,9,159,0.07455451444565173
72,9,204,0.08189662461612678
73,9,808,0.08565823497222619
74,9,915,0.08636224439350279
75,9,548,0.0866158129065013
76,10,532,0.018957923902386233
77,10,668,0.019406883675583377
78,10,130,0.02657519798263281
79,10,258,0.03981881135593999
80,10,478,0.06417752665704689
81,11,612,0.008080718658671278
82,11,268,0.01294001850223045
83,11,551,0.02448433971197126
84,11,331,0.04307437392353021
85,11,320,0.0708927461056221
86,12,554,0.000924575247423662
87,12,325,0.007090857449842636
88,12,999,0.011308141526922427
89,12,237,0.012813747720094318
90,12,512,0.015177736908407747
91,12,857,0.023347666109948324
92,12,619,0.03141483769363573
93,12,680,0.03806811269163504
94,12,959,0.04094432902245208
95,12,875,0.04689985476858852
96,12,518,0.04928341673081718
97,12,230,0.049363100939810715
98,12,252,0.05432009181780441
99,12,386,0.05450970961923097
100,12,841,0.0602501331076743
101,12,579,0.06326728534375627
102,12,814,0.06421918761533485
103,12,879,0.06487406936097925
104,12,753,0.07027924516023046
105,12,699,0.07076227186022338
106,12,719,0.0750569166209512
107,12,4,0.07688771249591322
108,12,68,0.08200993298931372
109,13,893,0.00810786700863814
110,13,1017,0.03671999974721909
111,13,360,0.046873541666430596
112,13,647,0.06645249832308926
113,13,906,0.07398898753566613
114,13,963,0.08392158579474746
115,13,623,0.08409344139287146
116,13,285,0.08734991482095036
117,14,754,0.019458674640257273
118,14,436,0.04410652424807809
119,14,224,0.057757173380449084
120,14,502,0.05897910907656163
121,15,434,0.014784236909976134
122,15,361,0.022058242591994025
123,15,513,0.04017895694032413
124,15,265,0.051939017860076944
125,15,46,0.07531776306997949
126,15,438,0.08169264206168608
127,15,120,0.0821064903197733
128,16,305,0.01680937523423375
129,16,987,0.029648131735690517
130,16,324,0.03878126426743149
131,17,581,0.0016923814200316774
132,17,955,0.038895203859479116
133,17,486,0.0755340805783188
134,17,953,0.07936795950879835
135,17,384,0.08019774823983047
136,17,395,0.08908390668917393
137,18,643,0.011712712154430526
138,18,543,0.024309076365013824
139,18,99,0.03331664137497391
140,18,39,0.03364286513990384
141,18,128,0.034777132328500424
142,18,736,0.042095879073696094
143,18,500,0.04329086777721356
144,18,768,0.052896865158950174
145,18,270,0.0737046016801404
146,18,979,0.07925136658430121
147,18,593,0.08269889138859698
148,18,817,0.08391099846315325
149,19,313,0.02967580594957593
150,19,92,0.03729316899432951
151,19,437,0.040007539728788837
152,20,341,0.03904067094073369
153,20,820,0.08194893968060765
154,21,603,0.007407869842461128
155,21,401,0.017189145354134565
156,21,514,0.038712427197649016
157,21,144,0.06719361161636297
158,21,53,0.0791099616820799
159,21,958,0.08510024437108811
160,21,562,0.08745730640343911
161,22,791,0.06445759033987812
162,22,136,0.06908303391197926
163,22,360,0.08605945125688085
164,22,285,0.08816288839245576
165,23,272,0.06836030065850023
166,23,489,0.0694075765020766
167,24,580,0.027347378218959086
168,24,289,0.03882353800222954
169,24,630,0.08437468248833153
170,24,555,0.08517592152257934
171,25,106,0.035420255035021046
172,26,295,0.00557008231863831
173,26,855,0.0067173339014337426
174,26,148,0.013859352173568361
175,26,884,0.019935606966902962
176,26,261,0.024782519914118162
177,26,634,0.027172681315875934
178,26,342,0.030732870615389297
179,26,771,0.031058735677979964
180,26,697,0.0329846833170743
181,26,606,0.05761510891537606
182,26,428,0.06705484495453207
183,26,918,0.07450811763014455
184,26,867,0.08793637907037899
185,26,962,0.08858853293451949
186,27,180,0.04164384111516678
187,28,280,0.036320743085930945
188,28,463,0.05834957571959106
189,29,869,0.024594465430696134
190,29,365,0.02985177504326282
191,29,933,0.08797872519083892
192,30,768,0.017995866928029895
193,30,588,0.030494767015577722
194,30,427,0.035450013862351866
195,30,39,0.051617390245225145
196,30,99,0.055484419451351755
197,30,543,0.059196980849575045
198,30,593,0.06174184662038455
199,30,806,0.08140978642240183
200,30,128,0.08944317256723737
201,31,537,0.025375892974506015
202,31,663,0.07983570901516529
203,32,395,0.00279678051889294
204,32,724,0.004813638808133579
205,32,718,0.04820843682342501
206,32,384,0.05130121235569735
207,33,553,0.008459843699441893
208,33,329,0.021795119144270673
209,33,692,0.04638918731589848
210,33,535,0.056296704125429975
211,34,977,0.01977086452293135
212,34,648,0.04444595309578761
213,34,608,0.0858173705181614
214,35,218,0.04899917156850617
215,35,712,0.06015660416401958
216,35,840,0.07138567486857411
217,35,238,0.07920878761837755
218,36,215,0.005058783452372487
219,36,760,0.005892202609265602
220,36,194,0.006334058205116162
221,36,675,0.006523357822710727
222,36,781,0.00787234534084533
223,36,775,0.010435423884335071
224,36,628,0.011915918010867914
225,36,367,0.013299675257699274
226,36,713,0.016154899853844246
227,36,935,0.01946868284967255
228,36,696,0.023841057813597567
229,36,744,0.03234291303806809
230,36,454,0.033019253332249934
231,36,601,0.033068704275973124
232,36,758,0.03400331770294039
233,36,548,0.036856929495882144
234,36,420,0.03748951459217598
235,36,118,0.040173811564506806
236,36,227,0.044287464678301795
237,36,9,0.04461081923710711
238,36,388,0.0449437244937446
239,36,445,0.04997407052413211
240,36,765,0.0526630408610134
241,36,159,0.0568525543190649
242,36,286,0.06127417208027021
243,36,472,0.06210078900965341
244,36,299,0.06642063363976874
245,36,314,0.077719294515051
246,36,319,0.0800218750516424
247,36,1014,0.08619462321636379
248,36,1,0.08694350751536713
249,37,778,0.008655470365112956
250,37,125,0.027660915302777467
251,37,837,0.05164564601676256
252,37,653,0.055576868749254146
253,37,669,0.08147977239899996
254,38,595,0.025452181623885135
255,38,654,0.056605273882130026
256,39,128,0.0064102699507846035
257,39,99,0.006583414056164296
258,39,768,0.010928400161441903
259,39,427,0.02667193998335735
260,39,543,0.030395045264882587
261,39,18,0.03364286513990384
262,39,806,0.04970701591874653
263,39,30,0.051617390245225145
264,39,643,0.0635348980669322
265,39,736,0.0712024345830258
266,39,326,0.0737164104888257
267,39,985,0.08405802061855637
268,39,270,0.08412656716769705
269,39,593,0.08873912196884015
270,40,780,0.02737730112517095
271,40,242,0.04272656429531295
272,40,649,0.06660710561742691
273,40,566,0.06697881298089017
274,41,209,0.02823583631098233
275,41,491,0.044069325356284016
276,41,2,0.04458331739621928
277,41,671,0.05764717864517344
278,41,131,0.06506081364198785
279,41,43,0.07665854760999254
280,41,170,0.0770406788401665
281,41,254,0.08261494372628485
282,41,887,0.08925922028941834
283,42,460,0.036806546310975095
284,42,644,0.06330147820624019
285,42,294,0.06653484969404017
286,42,489,0.0775962822814177
287,43,254,0.0015800376135284798
288,43,887,0.009359767422907757
289,43,152,0.01566372220988093
290,43,535,0.032621552401776444
291,43,1001,0.03758556024073185
292,43,69,0.04007114993127534
293,43,413,0.048720556666224164
294,43,589,0.05658883457361938
295,43,115,0.060386310970644355
296,43,921,0.06718568357621532
297,43,370,0.07632291078855052
298,43,41,0.07665854760999254
299,43,491,0.08060309257508583
300,43,2,0.08274512185059846
301,44,274,0.01749773002618418
302,44,925,0.019419086793371322
303,44,188,0.028572243340211672
304,44,87,0.04387881785512629
305,44,731,0.07209015804538219
306,45,939,0.018602704299450424
307,45,130,0.04231062257117804
308,45,469,0.05714019302426095
309,45,532,0.06886345454861134
310,45,459,0.07057563610780246
311,45,258,0.08436287684564746
312,45,66,0.08855018116154259
313,46,15,0.07531776306997949
314,47,269,0.04110137024628384
315,47,461,0.043206969645752415
316,47,772,0.053017619846558436
317,47,263,0.06444304279810315
318,47,908,0.07602751884120046
319,47,878,0.08238892536734269
320,48,860,0.06623275331485629
321,48,456,0.0790402740300846
322,49,309,0.0036502154177579546
323,49,508,0.0077149881149041095
324,49,446,0.01857126125000376
325,49,348,0.047764667271131794
326,49,915,0.05680423736959524
327,49,319,0.056812443577282136
328,49,77,0.06998846911136711
329,49,200,0.07070112875319554
330,49,913,0.08501510383099002
331,50,705,0.007919952155083905
332,50,192,0.06351206550418576
333,51,677,0.01601927576775245
334,51,973,0.016999920331571647
335,51,275,0.03693833628988797
336,52,303,0.047819192521700866
337,52,318,0.061182233664597026
338,52,353,0.07839262005424028
339,53,350,0.039691023555405255
340,53,409,0.06411447323569303
341,53,21,0.0791099616820799
342,54,975,0.018801196329625777
343,54,653,0.05571153693222895
344,54,669,0.06180705959954686
345,54,308,0.06689059497156796
346,54,846,0.07055411397736092
347,56,557,0.011076155030636959
348,56,314,0.03452437818148721
349,56,300,0.034641119715518226
350,56,447,0.04099125865174416
351,56,336,0.04144962260421775
352,56,1021,0.042730271945008794
353,56,299,0.0577390672689928
354,56,200,0.060969808326292604
355,56,398,0.07294008742404758
356,56,808,0.07783807170903434
357,56,601,0.08303281028369025
358,56,472,0.08333967660796109
359,56,204,0.08726715877812052
360,57,942,0.0315396684564499
361,57,210,0.03918047004511822
362,57,76,0.06111142556453692
363,57,298,0.08906682631590497
364,58,832,0.0030021678947945566
365,58,750,0.04744886186899784
366,58,357,0.06887613794050688
367,58,952,0.07671636689456744
368,58,244,0.07837148997549565
369,58,391,0.08651109902120444
370,59,651,0.006682334398339372
371,59,825,0.024081006636618486
372,59,873,0.07094737465544954
373,60,351,0.001295910473766718
374,60,853,0.005762804565581081
375,60,641,0.012764730434862872
376,60,917,0.017621198778967524
377,60,135,0.026152764383188237
378,60,688,0.02699615142801975
379,60,560,0.04332672189468412
380,60,622,0.05384801747398481
381,60,122,0.06319817706848341
382,60,175,0.06665742363750086
383,60,684,0.08550756780372928
384,61,524,0.06140977057703308
385,61,761,0.077807004528053
386,61,708,0.08018252838320812
387,62,1020,0.012372379488258332
388,62,678,0.0784805697518906
389,62,341,0.08529703668772569
390,64,721,0.029582165609440266
391,64,569,0.0711891832675382
392,64,816,0.07429670039322459
393,64,476,0.08294620416762985
394,65,632,0.0568042569066006
395,66,45,0.08855018116154259
396,67,82,0.02063737986249672
397,67,449,0.04978339453794405
398,67,790,0.06418733339641583
399,67,861,0.07302851089868678
400,68,753,0.003887517944542042
401,68,579,0.029004504164899796
402,68,230,0.03423141686928565
403,68,814,0.03828521358287662
404,68,999,0.048447921500502644
405,68,835,0.055761771086652416
406,68,699,0.056630207969389126
407,68,980,0.059890158374588276
408,68,325,0.060508599814937405
409,68,619,0.06396217308176613
410,68,554,0.07125564929389781
411,68,879,0.07196640438271479
412,68,795,0.07465269360258264
413,68,252,0.07623912681978127
414,68,12,0.08200993298931372
415,69,152,0.013553573125777136
416,69,887,0.020811828443308207
417,69,43,0.04007114993127534
418,69,535,0.05513602180860626
419,69,254,0.05595585034897597
420,69,845,0.05953211447949341
421,70,698,0.021229438215067984
422,70,720,0.032681376334240425
423,70,407,0.044650721484467054
424,70,273,0.04997145883456743
425,70,682,0.05446128494253695
426,70,939,0.07466781706856339
427,71,673,0.002666563322563982
428,71,834,0.0242146698848065
429,71,399,0.045779130426803046
430,71,708,0.047775220957819206
431,71,517,0.0759334008289745
432,72,185,0.043761346935054
433,72,1009,0.056504334721537555
434,72,228,0.06521096457959895
435,72,373,0.07896482939031871
436,72,476,0.08497208886097779
437,73,122,0.015383204002713565
438,73,533,0.02240407847675207
439,73,175,0.02971500698500165
440,73,936,0.0460305149378909
441,73,560,0.04697931395893359
442,73,135,0.07263160545270095
443,74,880,0.03499872332908701
444,74,157,0.046429489299684976
445,74,829,0.06773149601933122
446,74,165,0.0703717339135932
447,74,976,0.0750918359140769
448,75,243,0.029486817921387375
449,75,847,0.03788455922332015
450,75,95,0.04164382292182893
451,75,767,0.055423105119333606
452,75,609,0.059248439616084475
453,75,540,0.0625474174430938
454,75,831,0.06474572482413063
455,75,957,0.08926699928641287
456,76,649,0.03336013607249303
457,76,57,0.06111142556453692
458,76,210,0.08535146904417776
459,77,913,0.015084115907621796
460,77,919,0.039382752471969304
461,77,997,0.04324644733840169
462,77,200,0.05605177482897177
463,77,508,0.062233750719340133
464,77,309,0.06537575427305857
465,77,398,0.0657302130396998
466,77,49,0.06998846911136711
467,77,315,0.07325749950360566
468,77,250,0.07803043180241494
469,77,446,0.07923883585777487
470,78,332,0.04192059810364475
471,78,896,0.05623760672378475
472,78,153,0.08063563916572106
473,78,912,0.08786654759955198
474,79,370,0.03202659052598358
475,79,1001,0.04093473989753237
476,79,901,0.04541670133152529
477,79,921,0.05053218871277345
478,79,1002,0.0715693659377982
479,79,589,0.07787341957925852
480,80,943,0.0814098142065515
481,81,755,0.011746575551728259
482,81,424,0.054180141564793866
483,81,959,0.0648146625005809
484,81,518,0.06745092445641104
485,81,984,0.08180418095563144
486,81,719,0.08595996025123712
487,82,67,0.02063737986249672
488,82,790,0.06210774410488637
489,82,449,0.07404898128985109
490,82,861,0.08861657314212151
491,83,178,0.0017059463854238778
492,83,151,0.005213437467666022
493,83,728,0.011541720050701173
494,83,483,0.012748154956938864
495,83,352,0.017472641774116303
496,83,196,0.02030572469038043
497,83,415,0.021228202546463428
498,83,411,0.025130063526084906
499,83,787,0.027627481142055033
500,83,297,0.0388403444748647
501,83,519,0.03941450658930346
502,83,946,0.040287348775674484
503,83,321,0.04085969953279112
504,83,991,0.04383081503413193
505,83,656,0.05379212375638212
506,83,727,0.05882978974213332
507,83,205,0.05912826442447572
508,83,193,0.07000767971506636
509,83,477,0.08348689933430986
510,83,877,0.08664748624194481
511,83,620,0.0893169701983815
512,84,507,0.015161989118003339
513,84,968,0.03440742867883286
514,84,273,0.052628341237723045
515,84,720,0.086336736231183
516,85,950,0.000879563718300748
517,85,645,0.07313070773825507
518,86,773,0.02771496163682248
519,86,132,0.028835714319471642
520,86,90,0.040915807623110215
521,86,531,0.06677041740021131
522,86,287,0.07213101004822887
523,86,980,0.08254564980367596
524,86,739,0.08258800178284113
525,87,188,0.016641287444058267
526,87,44,0.04387881785512629
527,87,731,0.06211672176322503
528,87,274,0.06483131142007319
529,88,473,0.016606779458979662
530,88,262,0.03748830401396955
531,88,844,0.05019586847556538
532,89,390,0.003439902268976513
533,89,277,0.07814654043862987
534,89,510,0.08870589276517263
535,90,773,0.005202246964817804
536,90,86,0.040915807623110215
537,91,635,0.029238974314841546
538,91,704,0.04686833401169803
539,91,900,0.07228293636758389
540,91,436,0.08295326863951474
541,91,870,0.08823255586051032
542,92,19,0.03729316899432951
543,92,437,0.038192518452727815
544,92,492,0.04518359411451961
545,92,313,0.049537712649611515
546,92,546,0.0707350396637221
547,92,709,0.07941112250629673
548,92,144,0.08498158878697132
549,93,477,0.012959846020535706
550,93,727,0.020485218862596567
551,93,205,0.02272001554878584
552,93,411,0.030323955473287
553,93,656,0.04096345100389965
554,93,946,0.044946068896451176
555,93,297,0.055784203804978505
556,93,352,0.06504488645428963
557,93,752,0.06984116645191374
558,93,483,0.07903190586610014
559,93,415,0.08288320318952463
560,93,991,0.08472158597546145
561,94,331,0.03987687321000192
562,94,268,0.06903805166397844
563,94,444,0.07355915687241515
564,94,798,0.07469412947176021
565,94,888,0.0819165490322904
566,95,847,0.0018479029121994468
567,95,957,0.009665045831007565
568,95,243,0.01123966212677776
569,95,540,0.03488357867112965
570,95,75,0.04164382292182893
571,95,420,0.08000165772091905
572,95,760,0.0806006450582813
573,95,970,0.081026150871861
574,95,713,0.08377982596057795
575,95,367,0.08716304405151626
576,95,675,0.08931790204567858
577,96,804,0.014298828591802818
578,96,647,0.031585572876682025
579,97,126,0.017017091364574508
580,97,874,0.035609169726232695
581,97,468,0.05584141790540936
582,97,870,0.0592225678991631
583,98,233,0.038413824056187006
584,98,2,0.044600628552206506
585,98,209,0.06247498870801486
586,98,638,0.08072488235347247
587,99,39,0.006583414056164296
588,99,768,0.015178233937425395
589,99,128,0.019807380640322447
590,99,18,0.03331664137497391
591,99,543,0.034748727331980256
592,99,326,0.03654011999664553
593,99,806,0.037429856490810945
594,99,736,0.03972961614082174
595,99,270,0.047829770207209105
596,99,427,0.04990153911792142
597,99,30,0.055484419451351755
598,99,985,0.06358709720889448
599,99,643,0.07646369528517352
600,99,588,0.08031853218057884
601,99,593,0.0864151635512077
602,100,511,0.031903143950134695
603,100,241,0.08867227346140578
604,101,224,0.045304060615005325
605,101,886,0.06855974958102191
606,101,929,0.07292561218311765
607,101,754,0.08603818557484319
608,101,523,0.08810385284283444
609,102,903,0.06685359980614212
610,102,992,0.075132037177782
611,102,207,0.08240018911926263
612,102,701,0.08604712612538333
613,103,607,0.014612814892838905
614,103,730,0.02599570760422264
615,103,575,0.027622558187263814
616,103,690,0.028985562343862938
617,103,871,0.04237821482804136
618,103,598,0.045823726511145066
619,103,735,0.046743841659525574
620,103,256,0.0493181998689559
621,103,602,0.06190078136521042
622,103,785,0.06706163151444189
623,103,664,0.07224503140929611
624,103,521,0.07934736754110874
625,103,910,0.08195888481152888
626,103,418,0.08594786283526554
627,104,431,0.07043289647167159
628,104,751,0.08978681765774363
629,105,611,0.03061918133917565
630,105,301,0.05435736659653941
631,105,1010,0.07290089106113073
632,106,25,0.035420255035021046
633,107,691,0.0309017218638132
634,107,784,0.05481562245345906
635,107,917,0.06196689637171583
636,107,684,0.08007831958035136
637,107,560,0.089773193546928
638,108,541,0.05070132652078996
639,108,726,0.08498222379283425
640,109,231,0.003354697625939768
641,109,442,0.006491252536459175
642,109,349,0.028626282424226178
643,109,402,0.051788091008061796
644,109,864,0.06785292421432962
645,109,970,0.0795105443138378
646,109,159,0.08503821137703409
647,110,799,0.04974245175673698
648,110,382,0.0778801685776817
649,111,306,0.007195827053749069
650,112,505,0.0797240603866996
651,113,967,0.010314189640053175
652,113,235,0.023907986823614995
653,113,561,0.05105186589155483
654,113,324,0.07796970582601959
655,114,137,0.016564286769760024
656,114,683,0.03383359526491446
657,114,986,0.05575307248423539
658,114,767,0.08556751247884073
659,115,413,0.0029489606898450904
660,115,990,0.021102872238029084
661,115,380,0.03213762819624988
662,115,921,0.037001892045571236
663,115,1002,0.050684969898513114
664,115,254,0.05264445616176683
665,115,1001,0.05713173567602181
666,115,43,0.060386310970644355
667,115,152,0.06509200288502798
668,116,819,0.0197181255664267
669,116,479,0.023871945696046417
670,116,610,0.05932061085908748
671,116,706,0.07699535668553853
672,117,993,0.06050438762248189
673,117,890,0.06428897448525236
674,117,1023,0.07771511860177491
675,117,746,0.0790605895434684
676,117,873,0.0896343457186794
677,118,388,0.0010970769285537658
678,118,227,0.0022614281171367896
679,118,454,0.002387230475801631
680,118,445,0.003907607549451621
681,118,420,0.005508535973542122
682,118,286,0.007886780683487799
683,118,935,0.008622036830036935
684,118,9,0.009013997986434728
685,118,696,0.009844816602729952
686,118,367,0.01014441925708757
687,118,628,0.014621375418600169
688,118,713,0.015098487437993795
689,118,775,0.01769911727133433
690,118,675,0.021657567096967992
691,118,781,0.025816695598789113
692,118,194,0.029438097924653465
693,118,215,0.03371328844750782
694,118,36,0.040173811564506806
695,118,760,0.04605947158247531
696,118,319,0.05186154127967171
697,118,1014,0.05845416098319815
698,118,1,0.0791538901245528
699,118,243,0.08311842192702992
700,118,601,0.08782674116772833
701,118,744,0.08915896019395493
702,119,226,0.058724452898530566
703,119,478,0.06592050664790235
704,119,407,0.07606129002872933
705,119,174,0.08028219667507404
706,120,361,0.04081522727073424
707,120,15,0.0821064903197733
708,120,513,0.08313517054598402
709,120,134,0.08490558594391853
710,120,389,0.08604405641334242
711,121,293,0.087260032106631
712,121,364,0.08919156012873468
713,122,73,0.015383204002713565
714,122,175,0.043324019278219605
715,122,560,0.05134682644217133
716,122,135,0.0534157054848564
717,122,533,0.05601164591393203
718,122,351,0.05851469107055017
719,122,60,0.06319817706848341
720,122,688,0.07201236219258146
721,122,853,0.07457812810379544
722,122,936,0.08425680681504184
723,123,143,0.07304656555437618
724,124,238,0.06615517598526932
725,124,830,0.08752115269839153
726,125,778,0.013604154316588126
727,125,37,0.027660915302777467
728,125,790,0.030423037248283588
729,125,449,0.050800707297997544
730,125,837,0.066358782883868
731,126,874,0.008017314840094903
732,126,97,0.017017091364574508
733,126,870,0.07462930151328756
734,126,965,0.07863546549867215
735,126,667,0.08546499472010662
736,126,468,0.08549944849525512
737,127,732,0.014454394837679772
738,127,357,0.02685896348085804
739,127,497,0.06576146084494278
740,128,39,0.0064102699507846035
741,128,99,0.019807380640322447
742,128,768,0.03257692217744061
743,128,18,0.034777132328500424
744,128,427,0.03554587395022547
745,128,543,0.04988416566169554
746,128,643,0.05544105181531193
747,128,806,0.06451344152959194
748,128,928,0.08764143181444554
749,128,30,0.08944317256723737
750,129,449,0.02714942177534381
751,129,353,0.043758494932205766
752,129,790,0.04759028101464167
753,129,164,0.04811915776734585
754,130,532,0.010705844667744855
755,130,258,0.012440116096779651
756,130,668,0.02521649963080741
757,130,10,0.02657519798263281
758,130,45,0.04231062257117804
759,130,478,0.0641959678622801
760,130,469,0.07290403956826258
761,130,459,0.07984051876255972
762,131,170,0.00885559629395366
763,131,491,0.011263673534759655
764,131,638,0.025276648893839716
765,131,945,0.026355239646790162
766,131,2,0.02974963103325706
767,131,629,0.03165280364477123
768,131,41,0.06506081364198785
769,131,706,0.06562605945402449
770,131,209,0.07824977684647674
771,131,233,0.08431368897799409
772,132,287,0.013810250635091061
773,132,86,0.028835714319471642
774,132,762,0.05765371940490245
775,133,604,0.0674449403358092
776,134,389,0.014666546700062528
777,134,288,0.07088771938458727
778,134,766,0.07678381410885625
779,134,120,0.08490558594391853
780,135,351,0.018881086034108915
781,135,560,0.022408764214854594
782,135,60,0.026152764383188237
783,135,917,0.028747458849660627
784,135,784,0.04786541376294688
785,135,853,0.047908458633408764
786,135,175,0.0491600284918309
787,135,691,0.0498789034346225
788,135,622,0.050452620477329846
789,135,122,0.0534157054848564
790,135,936,0.05542794863403743
791,135,641,0.06219518475065785
792,135,73,0.07263160545270095
793,135,533,0.07627667746999447
794,135,688,0.08066730953370695
795,135,684,0.08077032498782107
796,136,666,0.020646529016194442
797,136,285,0.023844248021254497
798,136,383,0.035011718884689944
799,136,22,0.06908303391197926
800,137,683,0.01427803435927992
801,137,114,0.016564286769760024
802,137,986,0.045211335544572545
803,137,742,0.07720480973945551
804,138,169,0.05464089717989252
805,139,992,0.018010108102652758
806,139,145,0.037600473767414516
807,139,156,0.06884677063432496
808,139,797,0.07689488284426413
809,140,406,0.08836168346840398
810,141,979,0.007221821298844024
811,141,920,0.01510514641082037
812,141,859,0.019880306410716708
813,141,593,0.02937529888001934
814,141,590,0.05567671190349924
815,141,543,0.05734776812325587
816,141,817,0.08732171033944401
817,142,527,0.01815916337502307
818,142,509,0.05449124954638927
819,142,934,0.06794567815774302
820,142,330,0.0888078544978173
821,143,123,0.07304656555437618
822,144,709,0.025338516422876937
823,144,423,0.026623905669025963
824,144,655,0.032691444083642884
825,144,246,0.046382414654529455
826,144,514,0.04922347263808864
827,144,603,0.05459485070755339
828,144,401,0.06511476550133376
829,144,21,0.06719361161636297
830,144,201,0.07860999155973232
831,144,92,0.08498158878697132
832,145,139,0.037600473767414516
833,145,992,0.053432017716906165
834,145,346,0.06802502951561626
835,146,660,0.011093760354106667
836,146,257,0.034979042128691205
837,146,264,0.03696108207116583
838,146,972,0.03885534118887386
839,146,982,0.04179354149308836
840,146,457,0.07555468605915205
841,146,927,0.08551368573409714
842,146,809,0.08951634215433558
843,146,339,0.08986574619527042
844,147,650,0.006574516355308373
845,147,782,0.04158162445520664
846,148,771,0.0061615963966862135
847,148,261,0.006712335747400635
848,148,26,0.013859352173568361
849,148,855,0.01867848708062356
850,148,918,0.024431462339391294
851,148,634,0.02627786646796374
852,148,697,0.026844679661847837
853,148,295,0.03452423394157502
854,148,884,0.040189829640495334
855,148,342,0.06178294151701955
856,148,385,0.06561584546957676
857,148,166,0.07137114239888467
858,148,867,0.07349514274304453
859,148,544,0.07563561805246503
860,148,686,0.07577362418304595
861,148,606,0.07789951200669328
862,148,962,0.086834115240539
863,149,520,0.02387085478758148
864,149,670,0.08006900038328019
865,150,421,0.005353079806980354
866,150,1023,0.05873865302638201
867,150,849,0.06414624049922642
868,151,178,0.0014750155284603572
869,151,83,0.005213437467666022
870,151,352,0.007639385924127908
871,151,415,0.010310018405774455
872,151,196,0.01352641110687463
873,151,728,0.02073096081666134
874,151,483,0.023324362759608093
875,151,787,0.023975111767370494
876,151,321,0.024825913806525303
877,151,411,0.02592807669692366
878,151,297,0.026486356685792783
879,151,946,0.02827857077224865
880,151,519,0.05127014231379397
881,151,205,0.05280160468226744
882,151,193,0.05332046035360116
883,151,991,0.061835461693274876
884,151,727,0.07544156906943193
885,151,656,0.07626335064166144
886,152,887,0.01175210009519641
887,152,69,0.013553573125777136
888,152,43,0.01566372220988093
889,152,254,0.023261475946576682
890,152,535,0.036445581610655434
891,152,589,0.03962128912869223
892,152,845,0.04463613377740165
893,152,115,0.06509200288502798
894,152,1001,0.06528289893931687
895,152,413,0.06564233171647635
896,152,802,0.07729734801569436
897,152,692,0.07805172730612664
898,152,370,0.08540547831000535
899,153,530,0.03240325906151227
900,153,419,0.05165962202572327
901,153,642,0.05388450516510983
902,153,731,0.0730572937125144
903,153,78,0.08063563916572106
904,155,722,0.01917665588957551
905,155,954,0.03352711843178552
906,155,577,0.05167686747506537
907,156,797,0.054956015163114894
908,156,211,0.0647384329326339
909,156,139,0.06884677063432496
910,156,969,0.0835001104597276
911,156,965,0.08875890008585507
912,157,827,0.02224372611556641
913,157,74,0.046429489299684976
914,157,880,0.048652538872456845
915,157,829,0.0691768857528512
916,158,741,0.07058152738795351
917,159,765,0.002340273205512819
918,159,744,0.007227065291898889
919,159,548,0.009301240685560142
920,159,601,0.014261684930883733
921,159,299,0.023414229767411303
922,159,758,0.03223699669342625
923,159,1014,0.03316573518031056
924,159,775,0.037697390329705864
925,159,628,0.04095453031733056
926,159,713,0.04184245466369102
927,159,935,0.05511753409881702
928,159,367,0.05554323118143013
929,159,36,0.0568525543190649
930,159,319,0.060005884680017677
931,159,194,0.06144435036473352
932,159,336,0.0669161936058999
933,159,215,0.07194716702265941
934,159,9,0.07455451444565173
935,159,557,0.0753736857559561
936,159,314,0.0756192402265587
937,159,781,0.07581340503776998
938,159,286,0.07629003628938405
939,159,445,0.07803524036179997
940,159,696,0.07868137070171909
941,159,454,0.08076810087235524
942,159,675,0.08226638412847671
943,159,760,0.08277927758247006
944,159,109,0.08503821137703409
945,160,212,0.004586002113352894
946,160,611,0.05207519454916425
947,160,661,0.06415075800807492
948,160,605,0.08646331916809331
949,161,658,9.611005993402728e-05
950,161,537,0.08700826273528015
951,162,676,0.023177589159077115
952,162,385,0.02619384808516706
953,162,876,0.04194361484014718
954,162,962,0.04354343062115276
955,162,810,0.04432946583001842
956,162,634,0.04861491010365058
957,162,718,0.05709201071168667
958,162,606,0.06043153517542698
959,162,166,0.06306719190811398
960,162,867,0.06769145769628818
961,162,384,0.07134466775481468
962,162,392,0.07439659813278274
963,162,978,0.08350818967954576
964,162,599,0.08376063074261653
965,162,261,0.08705019615173043
966,163,635,0.07398713805177262
967,164,702,0.03374106030758624
968,164,129,0.04811915776734585
969,164,353,0.055955341258503696
970,164,790,0.07023045367496243
971,164,221,0.07089843468465011
972,165,988,0.04927113961764838
973,165,247,0.05696652387525835
974,165,829,0.0681797666243993
975,165,74,0.0703717339135932
976,165,888,0.0823785147034655
977,165,827,0.08278649826335689
978,165,976,0.08612857970712554
979,166,385,0.018764392410475485
980,166,918,0.04064011493300869
981,166,261,0.05114311802605117
982,166,771,0.06200956256938896
983,166,162,0.06306719190811398
984,166,634,0.06405749322984892
985,166,599,0.06963244093863065
986,166,867,0.07013716128870487
987,166,148,0.07137114239888467
988,166,676,0.07807922822127616
989,166,962,0.08452682515080501
990,167,416,0.01477133091528678
991,167,441,0.02097662181653421
992,167,803,0.033803665125281025
993,167,315,0.03980644068260385
994,167,447,0.0493925674421694
995,167,997,0.05616911976540127
996,167,250,0.06874103368530732
997,167,300,0.08966632580967945
998,168,572,0.03793329312308211
999,168,573,0.03998953224294113
1000,168,1007,0.041195066307218954
1001,168,197,0.0648662387487834
1002,168,687,0.06753944366295976
1003,168,475,0.08272073387174678
1004,169,272,0.03917825094313099
1005,169,138,0.05464089717989252
1006,169,796,0.08985877022187966
1007,170,491,0.004937967513045979
1008,170,131,0.00885559629395366
1009,170,629,0.009536428402919458
1010,170,638,0.010288416154236502
1011,170,2,0.018088594703940575
1012,170,945,0.024488965616385007
1013,170,233,0.05508755441104957
1014,170,329,0.06618170535518378
1015,170,41,0.0770406788401665
1016,170,887,0.0867814888419131
1017,171,293,0.014486690823116
1018,171,695,0.0505551502621575
1019,171,417,0.07638062694542516
1020,171,364,0.08149430150708616
1021,172,811,0.03772467602518024
1022,172,435,0.07292483939816272
1023,172,501,0.07511366323317156
1024,173,799,0.07371595407165898
1025,174,459,0.0018376484229199375
1026,174,605,0.051582462570368234
1027,174,478,0.057324892767408
1028,174,407,0.06588267355161971
1029,174,698,0.07550081227094746
1030,174,119,0.08028219667507404
1031,174,258,0.08170153444735563
1032,175,560,0.007374521384340912
1033,175,533,0.008251421308821378
1034,175,936,0.02915416314894644
1035,175,73,0.02971500698500165
1036,175,784,0.030002191086958657
1037,175,122,0.043324019278219605
1038,175,135,0.0491600284918309
1039,175,351,0.051932150113502946
1040,175,688,0.05475459463609711
1041,175,60,0.06665742363750086
1042,175,691,0.0724785589237691
1043,176,930,0.011454829904136722
1044,176,766,0.027792089245200755
1045,176,355,0.058651705941206396
1046,176,432,0.06425303365091468
1047,176,288,0.06719770834052011
1048,176,412,0.08305312911577767
1049,177,216,0.05166404261215848
1050,177,439,0.08269276927922767
1051,178,151,0.0014750155284603572
1052,178,83,0.0017059463854238778
1053,178,352,0.011070989535338267
1054,178,415,0.012707066192539421
1055,178,196,0.014072450398999431
1056,178,483,0.015054516484603783
1057,178,728,0.017902641314513086
1058,178,787,0.02014111261332932
1059,178,411,0.028401435163850762
1060,178,321,0.029967891343435887
1061,178,297,0.030038373642043266
1062,178,946,0.03248853260779955
1063,178,519,0.038402551752147115
1064,178,991,0.048507381590673096
1065,178,193,0.05319889261670562
1066,178,205,0.05484783550488148
1067,178,656,0.0647342673530015
1068,178,727,0.06786259281962592
1069,179,503,0.0023471329424028576
1070,179,276,0.019171063429319752
1071,179,621,0.04002046794280301
1072,179,877,0.05203480536732745
1073,179,232,0.0555116554546285
1074,179,728,0.07586141864878213
1075,180,27,0.04164384111516678
1076,181,507,0.06122935046691473
1077,181,981,0.0835119338124797
1078,181,916,0.08440262937676533
1079,182,916,0.01440166028193238
1080,182,448,0.023426861966402025
1081,182,206,0.041076229974786146
1082,182,304,0.08844865532416003
1083,183,700,0.06563502333056181
1084,183,622,0.0704513203186797
1085,183,898,0.07573453306320342
1086,183,684,0.07867970951494992
1087,184,899,0.006036452256315098
1088,184,493,0.02133265131179687
1089,184,984,0.07282390621538214
1090,184,403,0.07887771548070108
1091,185,373,0.04143898690525406
1092,185,72,0.043761346935054
1093,185,228,0.04880553644689797
1094,185,471,0.06194961392769825
1095,185,602,0.07632090689895916
1096,186,278,0.031519700706364076
1097,186,788,0.05630216727726216
1098,186,327,0.0631624781511929
1099,186,592,0.06333629299340915
1100,187,774,0.018659528775581077
1101,187,375,0.08485795460843853
1102,188,87,0.016641287444058267
1103,188,274,0.020987703504215284
1104,188,44,0.028572243340211672
1105,188,426,0.08088550717094362
1106,189,644,0.003871200603220983
1107,189,907,0.02552344097023965
1108,189,460,0.047697557603662885
1109,189,405,0.04940694151590227
1110,190,544,0.029580062728556553
1111,190,833,0.04496226941046546
1112,191,470,0.029920289729331327
1113,191,340,0.05061228341356499
1114,191,626,0.06074748457386933
1115,192,705,0.031031814413060844
1116,192,376,0.03335835335008713
1117,192,50,0.06351206550418576
1118,193,787,0.014111709370670453
1119,193,415,0.026537091030327063
1120,193,297,0.03898022057555486
1121,193,519,0.03980508424122347
1122,193,352,0.04391416324013342
1123,193,946,0.05020846550452432
1124,193,178,0.05319889261670562
1125,193,151,0.05332046035360116
1126,193,196,0.05567451440151931
1127,193,483,0.05744971283274134
1128,193,321,0.06186058058661716
1129,193,83,0.07000767971506636
1130,193,991,0.07770461205915476
1131,193,205,0.08032174780604845
1132,194,215,0.0008200596914585842
1133,194,781,0.0009128264565341906
1134,194,36,0.006334058205116162
1135,194,775,0.008220163207824042
1136,194,696,0.008624675346524356
1137,194,935,0.00944583156891472
1138,194,628,0.010784480658484792
1139,194,675,0.011850525342960742
1140,194,367,0.01415489244909296
1141,194,713,0.01881107146537264
1142,194,454,0.018856469345454267
1143,194,760,0.021076828881628058
1144,194,9,0.024000809026555284
1145,194,227,0.026848588998297167
1146,194,118,0.029438097924653465
1147,194,601,0.0310164373996702
1148,194,445,0.034282411880732
1149,194,420,0.035862117869684226
1150,194,388,0.037482027392721086
1151,194,744,0.03772213816075745
1152,194,548,0.04616900106426338
1153,194,286,0.046277200719640664
1154,194,319,0.04923138272277401
1155,194,299,0.05121664224119501
1156,194,998,0.056199869660551016
1157,194,758,0.05864055281683069
1158,194,159,0.06144435036473352
1159,194,204,0.06166841938644141
1160,194,765,0.06274164003633112
1161,194,472,0.06400204694687871
1162,194,1014,0.06629743243180776
1163,194,808,0.06794958571287485
1164,194,314,0.06848610297867734
1165,194,1,0.07047839632462191
1166,194,300,0.08120949386317369
1167,195,996,0.020934207633071123
1168,196,321,0.004844398724720611
1169,196,151,0.01352641110687463
1170,196,178,0.014072450398999431
1171,196,83,0.02030572469038043
1172,196,728,0.02931918513321567
1173,196,415,0.03371632516850672
1174,196,352,0.03667406055720311
1175,196,787,0.039893146123438306
1176,196,483,0.05038606273121311
1177,196,193,0.05567451440151931
1178,196,621,0.05757733268531791
1179,196,519,0.06181632070986956
1180,196,297,0.06636317576921956
1181,196,946,0.07289365618627673
1182,196,411,0.07373329742355764
1183,196,877,0.0846323800387773
1184,197,573,0.009872489663449197
1185,197,475,0.015617039240226926
1186,197,1007,0.02144647746009338
1187,197,545,0.023183336609077225
1188,197,572,0.0538618085722215
1189,197,317,0.061259198294209664
1190,197,168,0.0648662387487834
1191,197,657,0.0866776685681755
1192,198,1019,0.08708255041189242
1193,198,270,0.08962047204815121
1194,199,715,0.0108407307456701
1195,199,892,0.019097667241502046
1196,199,583,0.04112927694044069
1197,199,498,0.07356323135964
1198,199,565,0.08073037020376003
1199,199,340,0.08717941406181892
1200,200,808,0.030013729981071824
1201,200,913,0.03518907851019259
1202,200,299,0.03559890880847906
1203,200,204,0.03792670624577441
1204,200,319,0.03959955928392587
1205,200,557,0.04546628594312264
1206,200,998,0.048662885985869105
1207,200,300,0.05458187355165459
1208,200,77,0.05605177482897177
1209,200,56,0.060969808326292604
1210,200,309,0.06597718993726537
1211,200,1014,0.06703083109858882
1212,200,49,0.07070112875319554
1213,200,314,0.07505289321050002
1214,200,601,0.07731057727763611
1215,200,997,0.07821358010222705
1216,200,446,0.07909542875660915
1217,200,398,0.07933489631170376
1218,200,250,0.08384471480112805
1219,201,655,0.024679966331841746
1220,201,514,0.0274491582611034
1221,201,246,0.0292115228992236
1222,201,909,0.05366581335896288
1223,201,709,0.062136220987353274
1224,201,423,0.07065727783613289
1225,201,144,0.07860999155973232
1226,202,1000,0.03128037043431543
1227,202,774,0.06327047409832576
1228,202,375,0.07360681565338917
1229,202,576,0.08948870623488893
1230,203,527,0.08810528621492547
1231,203,330,0.08946549743412474
1232,204,808,0.0005511686825450337
1233,204,998,0.0013540171664834803
1234,204,300,0.020792980467766037
1235,204,200,0.03792670624577441
1236,204,314,0.04535137505072753
1237,204,250,0.04609450463258236
1238,204,557,0.0502006804395348
1239,204,299,0.052204398323564716
1240,204,319,0.05628924629157264
1241,204,913,0.06105798522348672
1242,204,194,0.06166841938644141
1243,204,915,0.061813627717528026
1244,204,781,0.06676495658414938
1245,204,215,0.06694186992857673
1246,204,601,0.06934184246728967
1247,204,472,0.07048742563808906
1248,204,696,0.07074153924077892
1249,204,348,0.07213300936900552
1250,204,446,0.07225525742464191
1251,204,803,0.07877403118464031
1252,204,9,0.08189662461612678
1253,204,935,0.08474464812653931
1254,204,56,0.08726715877812052
1255,204,309,0.08752100390742454
1256,205,946,0.006566062939887984
1257,205,297,0.009759405945434858
1258,205,93,0.02272001554878584
